<?xml version="1.0" encoding="utf-8"?>
<opencv_storage>
   <IntrinsicCam type_id="opencv-matrix">
      <rows>3</rows>
      <cols>3</cols>
      <dt>d</dt>
      <data>1775.0822813359068277 0.0000000000000000 334.1176284489101249 
0.0000000000000000 1732.2682479223117298 -26.8836031844599503 
0.0000000000000000 0.0000000000000000 1.0000000000000000 
</data>
   </IntrinsicCam>
   <DistortionCam type_id="opencv-matrix">
      <rows>1</rows>
      <cols>5</cols>
      <dt>d</dt>
      <data>-0.0409823324309595 -0.1976578455187981 0.0000000000000000 0.0000000000000000 0.0000000000000000 </data>
   </DistortionCam>
   <FocalLength type_id="opencv-matrix">
      <rows>1</rows>
      <cols>1</cols>
      <dt>d</dt>
      <data>1775.0822813359068277 </data>
   </FocalLength>
</opencv_storage>